mu: 0.13
q: 0.3333333333333333
tau_x: 26.34172245100198
k: 0.55
kc: 0.4
Hm: 0.67
Lm: 0.17
tau_r: 18.194247334816424
tau_d: 4.234812811750574
tau_w: 0.918902981330213
Ac: 0.1343668979336367
